RWS: 45.803165-123.979245
SWS: 45.803487-123.979508
