RWS: 45.803438-123.979668
SWS: 45.803738-123.979328
