RWS: 46.025845-123.962397
SWS: 46.030197-123.959660
