RWS: 45.969025-123.980447
SWS: 46.038055-123.954038
