RWS: 46.044097-123.950985
SWS: 46.178623-123.996938
