RWS: 45.836030-123.981443
SWS: 45.836303-123.981320
