RWS: 45.911105-123.981703
SWS: 45.911933-123.982843
